0	298	2	0	0.693359
0	299	3	0	0.693359
0	300	4	0	0.693359
0	4	194	16	0.693359
1	301	6	0
1	302	7	0
1	303	8	0
2	304	9	0
2	305	11	0
2	306	12	0
3	307	13	0
3	308	14	0
3	309	16	0
4	5	196	0
4	4	193	0
5	6	198	0
5	5	195	0
6	7	260	0
6	6	197	0
7	8	262	0
7	7	259	0
8	9	264	0
8	8	261	0
9	310	2	0	0.693359
9	311	3	0	0.693359
9	312	4	0	0.693359
9	13	218	8	0.693359
9	9	263	0
10	313	6	0
10	314	7	0
10	315	8	0
11	316	9	0
11	317	11	0
11	318	12	0
12	319	13	0
12	320	14	0
12	321	16	0
13	14	220	0
13	13	217	0
14	15	222	0
14	14	219	0
15	16	170	0
15	15	221	0
16	17	172	0
16	16	169	0
17	18	174	0
17	17	171	0
18	322	2	0	0.693359
18	323	3	0	0.693359
18	324	4	0	0.693359
18	22	140	18	0.693359
18	18	173	0
19	325	6	0
19	326	7	0
19	327	8	0
20	328	9	0
20	329	11	0
20	330	12	0
21	331	13	0
21	332	14	0
21	333	16	0
22	23	142	0
22	22	139	0
23	24	144	0
23	23	141	0
24	25	134	0
24	24	143	0
25	26	136	0
25	25	133	0
26	27	138	0
26	26	135	0
27	28	50	0
27	27	137	0
28	29	52	0
28	28	49	0
29	30	54	0
29	29	51	0
30	31	236	0
30	30	53	0
31	32	238	0
31	31	235	0
32	33	240	0
32	32	237	0
33	334	2	0	0.693359
33	335	3	0	0.693359
33	336	4	0	0.693359
33	37	140	12	0.693359
33	33	239	0
34	337	6	0
34	338	7	0
34	339	8	0
35	340	9	0
35	341	11	0
35	342	12	0
36	343	13	0
36	344	14	0
36	345	16	0
37	38	142	0
37	37	139	0
38	39	144	0
38	38	141	0
39	40	128	0
39	39	143	0
40	41	130	0
40	40	127	0
41	42	132	0
41	41	129	0
42	346	2	0	0.693359
42	347	3	0	0.693359
42	348	4	0	0.693359
42	46	182	9	0.693359
42	42	131	0
43	349	6	0
43	350	7	0
43	351	8	0
44	352	9	0
44	353	11	0
44	354	12	0
45	355	13	0
45	356	14	0
45	357	16	0
46	47	184	0
46	46	181	0
47	48	186	0
47	47	183	0
48	49	152	0
48	48	185	0
49	50	154	0
49	49	151	0
50	51	156	0
50	50	153	0
51	358	2	0	0.693359
51	359	3	0	0.693359
51	360	4	0	0.693359
51	55	56	3	0.693359
51	51	155	0
52	361	6	0
52	362	7	0
52	363	8	0
53	364	9	0
53	365	11	0
53	366	12	0
54	367	13	0
54	368	14	0
54	369	16	0
55	56	58	0
55	55	55	0
56	57	60	0
56	56	57	0
57	58	20	0
57	57	59	0
58	59	22	0
58	58	19	0
59	60	24	0
59	59	21	0
60	61	188	0
60	60	23	0
61	62	190	0
61	61	187	0
62	63	192	0
62	62	189	0
63	64	224	0
63	63	191	0
64	65	226	0
64	64	223	0
65	66	228	0
65	65	225	0
66	370	2	0	0.693359
66	371	3	0	0.693359
66	372	4	0	0.693359
66	70	254	7	0.693359
66	66	227	0
67	373	6	0
67	374	7	0
67	375	8	0
68	376	9	0
68	377	11	0
68	378	12	0
69	379	13	0
69	380	14	0
69	381	16	0
70	71	256	0
70	70	253	0
71	72	258	0
71	71	255	0
72	73	242	0
72	72	257	0
73	74	244	0
73	73	241	0
74	75	246	0
74	74	243	0
75	76	284	0
75	75	245	0
76	77	286	0
76	76	283	0
77	78	288	0
77	77	285	0
78	79	38	0
78	78	287	0
79	80	40	0
79	79	37	0
80	81	42	0
80	80	39	0
81	382	2	0	0.693359
81	383	3	0	0.693359
81	384	4	0	0.693359
81	85	56	13	-0.405273
81	81	41	0
82	385	6	0
82	386	7	0
82	387	8	0
83	388	9	0
83	389	11	0
83	390	12	0
84	391	13	0
84	392	14	0
84	393	16	0
85	86	58	0
85	85	55	0
86	87	60	0
86	86	57	0
87	88	74	0	1.09863
87	89	110	0	1.09863
87	90	122	0	1.09863
87	87	59	0
88	280	76	0
88	88	73	0
89	279	112	0
89	89	109	0
90	91	124	0
90	90	121	0
91	394	126	0
91	91	123	0
92	395	6	0
92	396	7	0
92	397	8	0
93	398	9	0
93	399	11	0
93	400	12	0
94	401	13	0
94	402	14	0
94	403	16	0
95	96	58	0
95	95	55	0
96	97	60	0
96	96	57	0
97	98	116	0
97	97	59	0
98	99	118	0
98	98	115	0
99	100	120	0
99	99	117	0
100	101	212	0
100	100	119	0
101	102	214	0
101	101	211	0
102	103	216	0
102	102	213	0
103	104	68	0
103	103	215	0
104	105	70	0
104	104	67	0
105	106	72	0
105	105	69	0
106	404	2	0	0.693359
106	405	3	0	0.693359
106	406	4	0	0.693359
106	110	212	2	0.693359
106	106	71	0
107	407	6	0
107	408	7	0
107	409	8	0
108	410	9	0
108	411	11	0
108	412	12	0
109	413	13	0
109	414	14	0
109	415	16	0
110	111	214	0
110	110	211	0
111	112	216	0
111	111	213	0
112	113	176	0
112	112	215	0
113	114	178	0
113	113	175	0
114	115	180	0
114	114	177	0
115	116	272	0
115	115	179	0
116	117	274	0
116	116	271	0
117	118	276	0
117	117	273	0
118	119	266	0
118	118	275	0
119	120	268	0
119	119	265	0
120	121	270	0
120	120	267	0
121	416	2	0	0.693359
121	417	3	0	0.693359
121	418	4	0	0.693359
121	125	56	13	-0.405273
121	121	269	0
122	419	6	0
122	420	7	0
122	421	8	0
123	422	9	0
123	423	11	0
123	424	12	0
124	425	13	0
124	426	14	0
124	427	16	0
125	126	58	0
125	125	55	0
126	127	60	0
126	126	57	0
127	128	74	0	1.09863
127	129	110	0	1.09863
127	130	122	0	1.09863
127	127	59	0
128	271	76	0
128	128	73	0
129	270	112	0
129	129	109	0
130	131	124	0
130	130	121	0
131	428	126	0
131	131	123	0
132	429	6	0
132	430	7	0
132	431	8	0
133	432	9	0
133	433	11	0
133	434	12	0
134	435	13	0
134	436	14	0
134	437	16	0
135	136	196	0
135	135	193	0
136	137	198	0
136	136	195	0
137	138	146	0
137	137	197	0
138	139	148	0
138	138	145	0
139	140	150	0
139	139	147	0
140	438	2	0	0.693359
140	439	3	0	0.693359
140	440	4	0	0.693359
140	144	194	4	0.693359
140	140	149	0
141	441	6	0
141	442	7	0
141	443	8	0
142	444	9	0
142	445	11	0
142	446	12	0
143	447	13	0
143	448	14	0
143	449	16	0
144	145	196	0
144	144	193	0
145	146	198	0
145	145	195	0
146	147	230	0
146	146	197	0
147	148	232	0
147	147	229	0
148	149	234	0
148	148	231	0
149	450	2	0	0.693359
149	451	3	0	0.693359
149	452	4	0	0.693359
149	153	98	10	0.693359
149	149	233	0
150	453	6	0
150	454	7	0
150	455	8	0
151	456	9	0
151	457	11	0
151	458	12	0
152	459	13	0
152	460	14	0
152	461	16	0
153	154	100	0
153	153	97	0
154	155	102	0
154	154	99	0
155	156	92	0
155	155	101	0
156	157	94	0
156	156	91	0
157	158	96	0
157	157	93	0
158	159	218	0
158	158	95	0
159	160	220	0
159	159	217	0
160	161	222	0
160	160	219	0
161	162	170	0
161	161	221	0
162	163	172	0
162	162	169	0
163	164	174	0
163	163	171	0
164	462	2	0	0.693359
164	463	3	0	0.693359
164	464	4	0	0.693359
164	168	194	16	0.693359
164	164	173	0
165	465	6	0
165	466	7	0
165	467	8	0
166	468	9	0
166	469	11	0
166	470	12	0
167	471	13	0
167	472	14	0
167	473	16	0
168	169	196	0
168	168	193	0
169	170	198	0
169	169	195	0
170	171	260	0
170	170	197	0
171	172	262	0
171	171	259	0
172	173	264	0
172	172	261	0
173	474	2	0	0.693359
173	475	3	0	0.693359
173	476	4	0	0.693359
173	177	56	6	-0.405273
173	173	263	0
174	477	6	0
174	478	7	0
174	479	8	0
175	480	9	0
175	481	11	0
175	482	12	0
176	483	13	0
176	484	14	0
176	485	16	0
177	178	58	0
177	177	55	0
178	179	60	0
178	178	57	0
179	181	74	0	1.09863
179	180	62	0	1.09863
179	182	80	0	1.09863
179	179	59	0
180	258	64	0
180	180	61	0
181	257	76	0
181	181	73	0
182	183	82	0
182	182	79	0
183	486	84	0
183	183	81	0
184	487	6	0
184	488	7	0
184	489	8	0
185	490	9	0
185	491	11	0
185	492	12	0
186	493	13	0
186	494	14	0
186	495	16	0
187	188	280	0
187	187	277	0
188	189	282	0
188	188	279	0
189	190	128	0
189	189	281	0
190	191	130	0
190	190	127	0
191	192	132	0
191	191	129	0
192	193	104	0
192	192	131	0
193	194	106	0
193	193	103	0
194	195	108	0
194	194	105	0
195	196	248	0
195	195	107	0
196	197	250	0
196	196	247	0
197	198	252	0
197	197	249	0
198	496	2	0	0.693359
198	497	3	0	0.693359
198	498	4	0	0.693359
198	202	278	15	0.693359
198	198	251	0
199	499	6	0
199	500	7	0
199	501	8	0
200	502	9	0
200	503	11	0
200	504	12	0
201	505	13	0
201	506	14	0
201	507	16	0
202	203	280	0
202	202	277	0
203	204	282	0
203	203	279	0
204	205	158	0
204	204	281	0
205	206	160	0
205	205	157	0
206	207	162	0
206	206	159	0
207	208	200	0
207	207	161	0
208	209	202	0
208	208	199	0
209	210	204	0
209	209	201	0
210	211	86	0
210	210	203	0
211	212	88	0
211	211	85	0
212	213	90	0
212	212	87	0
213	508	2	0	0.693359
213	509	3	0	0.693359
213	510	4	0	0.693359
213	217	218	17	0.693359
213	213	89	0
214	511	6	0
214	512	7	0
214	513	8	0
215	514	9	0
215	515	11	0
215	516	12	0
216	517	13	0
216	518	14	0
216	519	16	0
217	218	220	0
217	217	217	0
218	219	222	0
218	218	219	0
219	220	164	0
219	219	221	0
220	221	166	0
220	220	163	0
221	222	168	0
221	221	165	0
222	223	140	0
222	222	167	0
223	224	142	0
223	223	139	0
224	225	144	0
224	224	141	0
225	226	122	0
225	225	143	0
226	227	124	0
226	226	121	0
227	228	126	0
227	227	123	0
228	520	2	0	0.693359
228	521	3	0	0.693359
228	522	4	0	0.693359
228	232	26	14	0.693359
228	228	125	0
229	523	6	0
229	524	7	0
229	525	8	0
230	526	9	0
230	527	11	0
230	528	12	0
231	529	13	0
231	530	14	0
231	531	16	0
232	233	28	0
232	232	25	0
233	234	30	0
233	233	27	0
234	235	44	0
234	234	29	0
235	236	46	0
235	235	43	0
236	237	48	0
236	236	45	0
237	238	206	0
237	237	47	0
238	239	208	0
238	238	205	0
239	240	210	0
239	239	207	0
240	241	32	0
240	240	209	0
241	242	34	0
241	241	31	0
242	243	36	0
242	242	33	0
243	532	2	0	0.693359
243	533	3	0	0.693359
243	534	4	0	0.693359
243	243	35	0
243	0.693359
244	535	6	0
244	536	7	0
244	537	8	0
245	538	9	0
245	539	11	0
245	540	12	0
246	541	13	0
246	542	14	0
246	543	16	0
247	248	18	0
248	248	17	0
248
249	250	18	0
250	232	26	14
250	250	17	0
251	252	18	0
252	217	218	17
252	252	17	0
253	254	18	0
254	202	278	15
254	254	17	0
255	256	18	0
256	187	278	19
256	256	17	0
257	544	78	0
257	257	75	0
258	545	66	0
258	258	63	0
259	546	2	0	0.693359
259	547	3	0	0.693359
259	548	4	0	0.693359
259	187	278	19	0.693359
260	261	18	0
261	177	56	6	-1.09863
261	261	17	0
262	263	18	0
263	168	194	16
263	263	17	0
264	265	18	0
265	153	98	10
265	265	17	0
266	267	18	0
267	144	194	4
267	267	17	0
268	269	18	0
269	135	194	11
269	269	17	0
270	549	114	0
270	270	111	0
271	550	78	0
271	271	75	0
272	551	2	0	0.693359
272	552	3	0	0.693359
272	553	4	0	0.693359
272	135	194	11	0.693359
273	274	18	0
274	125	56	13	-1.09863
274	274	17	0
275	276	18	0
276	110	212	2
276	276	17	0
277	278	18	0
278	95	56	5
278	278	17	0
279	554	114	0
279	279	111	0
280	555	78	0
280	280	75	0
281	556	2	0	0.693359
281	557	3	0	0.693359
281	558	4	0	0.693359
281	95	56	5	0.693359
282	283	18	0
283	85	56	13	-1.09863
283	283	17	0
284	285	18	0
285	70	254	7
285	285	17	0
286	287	18	0
287	55	56	3
287	287	17	0
288	289	18	0
289	46	182	9
289	289	17	0
290	291	18	0
291	37	140	12
291	291	17	0
292	293	18	0
293	22	140	18
293	293	17	0
294	295	18	0
295	13	218	8
295	295	17	0
296	297	18	0
297	4	194	16
297	297	17	0
298	1	0	0
298	298	1	0
299	2	0	0
299	299	1	0
300	3	0	0
300	300	1	0
301	2	0	0
301	301	5	0
302	3	0	0
302	302	5	0
303	296	0	0
303	303	5	0
304	1	0	0
304	304	10	0
305	3	0	0
305	305	10	0
306	296	0	0
306	306	10	0
307	1	0	0
307	307	15	0
308	2	0	0
308	308	15	0
309	296	0	0
309	309	15	0
310	10	0	0
310	310	1	0
311	11	0	0
311	311	1	0
312	12	0	0
312	312	1	0
313	11	0	0
313	313	5	0
314	12	0	0
314	314	5	0
315	294	0	0
315	315	5	0
316	10	0	0
316	316	10	0
317	12	0	0
317	317	10	0
318	294	0	0
318	318	10	0
319	10	0	0
319	319	15	0
320	11	0	0
320	320	15	0
321	294	0	0
321	321	15	0
322	19	0	0
322	322	1	0
323	20	0	0
323	323	1	0
324	21	0	0
324	324	1	0
325	20	0	0
325	325	5	0
326	21	0	0
326	326	5	0
327	292	0	0
327	327	5	0
328	19	0	0
328	328	10	0
329	21	0	0
329	329	10	0
330	292	0	0
330	330	10	0
331	19	0	0
331	331	15	0
332	20	0	0
332	332	15	0
333	292	0	0
333	333	15	0
334	34	0	0
334	334	1	0
335	35	0	0
335	335	1	0
336	36	0	0
336	336	1	0
337	35	0	0
337	337	5	0
338	36	0	0
338	338	5	0
339	290	0	0
339	339	5	0
340	34	0	0
340	340	10	0
341	36	0	0
341	341	10	0
342	290	0	0
342	342	10	0
343	34	0	0
343	343	15	0
344	35	0	0
344	344	15	0
345	290	0	0
345	345	15	0
346	43	0	0
346	346	1	0
347	44	0	0
347	347	1	0
348	45	0	0
348	348	1	0
349	44	0	0
349	349	5	0
350	45	0	0
350	350	5	0
351	288	0	0
351	351	5	0
352	43	0	0
352	352	10	0
353	45	0	0
353	353	10	0
354	288	0	0
354	354	10	0
355	43	0	0
355	355	15	0
356	44	0	0
356	356	15	0
357	288	0	0
357	357	15	0
358	52	0	0
358	358	1	0
359	53	0	0
359	359	1	0
360	54	0	0
360	360	1	0
361	53	0	0
361	361	5	0
362	54	0	0
362	362	5	0
363	286	0	0
363	363	5	0
364	52	0	0
364	364	10	0
365	54	0	0
365	365	10	0
366	286	0	0
366	366	10	0
367	52	0	0
367	367	15	0
368	53	0	0
368	368	15	0
369	286	0	0
369	369	15	0
370	67	0	0
370	370	1	0
371	68	0	0
371	371	1	0
372	69	0	0
372	372	1	0
373	68	0	0
373	373	5	0
374	69	0	0
374	374	5	0
375	284	0	0
375	375	5	0
376	67	0	0
376	376	10	0
377	69	0	0
377	377	10	0
378	284	0	0
378	378	10	0
379	67	0	0
379	379	15	0
380	68	0	0
380	380	15	0
381	284	0	0
381	381	15	0
382	82	0	0
382	382	1	0
383	83	0	0
383	383	1	0
384	84	0	0
384	384	1	0
385	83	0	0
385	385	5	0
386	84	0	0
386	386	5	0
387	282	0	0
387	387	5	0
388	82	0	0
388	388	10	0
389	84	0	0
389	389	10	0
390	282	0	0
390	390	10	0
391	82	0	0
391	391	15	0
392	83	0	0
392	392	15	0
393	282	0	0
393	393	15	0
394	281	0	0
394	394	125	0
395	93	0	0
395	395	5	0
396	94	0	0
396	396	5	0
397	277	0	0
397	397	5	0
398	92	0	0
398	398	10	0
399	94	0	0
399	399	10	0
400	277	0	0
400	400	10	0
401	92	0	0
401	401	15	0
402	93	0	0
402	402	15	0
403	277	0	0
403	403	15	0
404	107	0	0
404	404	1	0
405	108	0	0
405	405	1	0
406	109	0	0
406	406	1	0
407	108	0	0
407	407	5	0
408	109	0	0
408	408	5	0
409	275	0	0
409	409	5	0
410	107	0	0
410	410	10	0
411	109	0	0
411	411	10	0
412	275	0	0
412	412	10	0
413	107	0	0
413	413	15	0
414	108	0	0
414	414	15	0
415	275	0	0
415	415	15	0
416	122	0	0
416	416	1	0
417	123	0	0
417	417	1	0
418	124	0	0
418	418	1	0
419	123	0	0
419	419	5	0
420	124	0	0
420	420	5	0
421	273	0	0
421	421	5	0
422	122	0	0
422	422	10	0
423	124	0	0
423	423	10	0
424	273	0	0
424	424	10	0
425	122	0	0
425	425	15	0
426	123	0	0
426	426	15	0
427	273	0	0
427	427	15	0
428	272	0	0
428	428	125	0
429	133	0	0
429	429	5	0
430	134	0	0
430	430	5	0
431	268	0	0
431	431	5	0
432	132	0	0
432	432	10	0
433	134	0	0
433	433	10	0
434	268	0	0
434	434	10	0
435	132	0	0
435	435	15	0
436	133	0	0
436	436	15	0
437	268	0	0
437	437	15	0
438	141	0	0
438	438	1	0
439	142	0	0
439	439	1	0
440	143	0	0
440	440	1	0
441	142	0	0
441	441	5	0
442	143	0	0
442	442	5	0
443	266	0	0
443	443	5	0
444	141	0	0
444	444	10	0
445	143	0	0
445	445	10	0
446	266	0	0
446	446	10	0
447	141	0	0
447	447	15	0
448	142	0	0
448	448	15	0
449	266	0	0
449	449	15	0
450	150	0	0
450	450	1	0
451	151	0	0
451	451	1	0
452	152	0	0
452	452	1	0
453	151	0	0
453	453	5	0
454	152	0	0
454	454	5	0
455	264	0	0
455	455	5	0
456	150	0	0
456	456	10	0
457	152	0	0
457	457	10	0
458	264	0	0
458	458	10	0
459	150	0	0
459	459	15	0
460	151	0	0
460	460	15	0
461	264	0	0
461	461	15	0
462	165	0	0
462	462	1	0
463	166	0	0
463	463	1	0
464	167	0	0
464	464	1	0
465	166	0	0
465	465	5	0
466	167	0	0
466	466	5	0
467	262	0	0
467	467	5	0
468	165	0	0
468	468	10	0
469	167	0	0
469	469	10	0
470	262	0	0
470	470	10	0
471	165	0	0
471	471	15	0
472	166	0	0
472	472	15	0
473	262	0	0
473	473	15	0
474	174	0	0
474	474	1	0
475	175	0	0
475	475	1	0
476	176	0	0
476	476	1	0
477	175	0	0
477	477	5	0
478	176	0	0
478	478	5	0
479	260	0	0
479	479	5	0
480	174	0	0
480	480	10	0
481	176	0	0
481	481	10	0
482	260	0	0
482	482	10	0
483	174	0	0
483	483	15	0
484	175	0	0
484	484	15	0
485	260	0	0
485	485	15	0
486	259	0	0
486	486	83	0
487	185	0	0
487	487	5	0
488	186	0	0
488	488	5	0
489	255	0	0
489	489	5	0
490	184	0	0
490	490	10	0
491	186	0	0
491	491	10	0
492	255	0	0
492	492	10	0
493	184	0	0
493	493	15	0
494	185	0	0
494	494	15	0
495	255	0	0
495	495	15	0
496	199	0	0
496	496	1	0
497	200	0	0
497	497	1	0
498	201	0	0
498	498	1	0
499	200	0	0
499	499	5	0
500	201	0	0
500	500	5	0
501	253	0	0
501	501	5	0
502	199	0	0
502	502	10	0
503	201	0	0
503	503	10	0
504	253	0	0
504	504	10	0
505	199	0	0
505	505	15	0
506	200	0	0
506	506	15	0
507	253	0	0
507	507	15	0
508	214	0	0
508	508	1	0
509	215	0	0
509	509	1	0
510	216	0	0
510	510	1	0
511	215	0	0
511	511	5	0
512	216	0	0
512	512	5	0
513	251	0	0
513	513	5	0
514	214	0	0
514	514	10	0
515	216	0	0
515	515	10	0
516	251	0	0
516	516	10	0
517	214	0	0
517	517	15	0
518	215	0	0
518	518	15	0
519	251	0	0
519	519	15	0
520	229	0	0
520	520	1	0
521	230	0	0
521	521	1	0
522	231	0	0
522	522	1	0
523	230	0	0
523	523	5	0
524	231	0	0
524	524	5	0
525	249	0	0
525	525	5	0
526	229	0	0
526	526	10	0
527	231	0	0
527	527	10	0
528	249	0	0
528	528	10	0
529	229	0	0
529	529	15	0
530	230	0	0
530	530	15	0
531	249	0	0
531	531	15	0
532	244	0	0
532	532	1	0
533	245	0	0
533	533	1	0
534	246	0	0
534	534	1	0
535	245	0	0
535	535	5	0
536	246	0	0
536	536	5	0
537	247	0	0
537	537	5	0
538	244	0	0
538	538	10	0
539	246	0	0
539	539	10	0
540	247	0	0
540	540	10	0
541	244	0	0
541	541	15	0
542	245	0	0
542	542	15	0
543	247	0	0
543	543	15	0
544	259	0	0
544	544	77	0
545	259	0	0
545	545	65	0
546	184	0	0
546	546	1	0
547	185	0	0
547	547	1	0
548	186	0	0
548	548	1	0
549	272	0	0
549	549	113	0
550	272	0	0
550	550	77	0
551	132	0	0
551	551	1	0
552	133	0	0
552	552	1	0
553	134	0	0
553	553	1	0
554	281	0	0
554	554	113	0
555	281	0	0
555	555	77	0
556	92	0	0
556	556	1	0
557	93	0	0
557	557	1	0
558	94	0	0
558	558	1	0
